Constants leading to the maximum q when the number of digits is fixed
(results of script patterns in mode w). Up to 32 constants are given.

2
qmax = 1
11

3
qmax = 1
101
111

4
qmax = 2
1011
1101

5
qmax = 2
10011
10101
10111
11001
11011
11101

6
qmax = 3
101011
110101

7
qmax = 3
1001101
1010011
1010111
1011001
1011011
1100101
1100111
1101001
1101011
1101101
1110011
1110101

8
qmax = 4
11010101

9
qmax = 4
101001101
101010111
101011001
101101011
110010101
110011011
110100101
110100111
110101001
110101101
110110011
111001011
111010101

10
qmax = 4
1000101011
1000110101
1001001101
1001010011
1001100111
1001101001
1001110011
1010001101
1010010111
1010011001
1010011101
1010100011
1010101011
1010101101
1010101111
1010110011
1010110111
1010111001
1011000111
1011001001
1011010101
1011011001
1011011011
1011100101
1011101011
1100010101
1100011011
1100100101
1100101001
1100101011
1100110101
1100110111

11
qmax = 5
11010100111
11010101001
11010110011
11100101011

12
qmax = 5
100011010101
100101001101
101001100111
101001101001
101010101101
101010110011
101010110111
101010111001
101011000111
101011001001
101101101011
101110010101
110001101011
110010010101
110011010111
110011011011
110011100101
110100011011
110100100101
110100100111
110100101011
110100110111
110100111001
110101000111
110101001001
110101010011
110101110011
110110101101
110110110011
110111001011
110111010101
111000101011

13
qmax = 5
1000110010101
1000110101101
1000110110011
1000111001011
1000111010101
1001000101011
1001000110101
1001001001101
1001001010011
1001001110011
1001100101011
1001100110101
1001100110111
1001100111001
1001101000111
1001101001001
1001101110011
1001110001101
1010001110011
1010010001101
1010010110011
1010010110111
1010010111001
1010011000111
1010011001001
1010011001011
1010011011101
1010011100011
1010011101001
1010100011001
1010100011101
1010100100011

14
qmax = 6
11010100110111
11010101000111
11011010110011
11100011010101

15
qmax = 6
100011010110011
100100011010101
101001100111001
101001101001001
101010101011101
101010101100011
101010101100111
101010101101001
101010110010111
101010110011001
101010110110011
101010111000111
101011001001001
101011001001101
101011001011011
101011001100101
101011010110011
101100101001101
101100101101011
101100110010101
101101100101011
101110010101011
101110101010101
110001010101011
110001101010101
110010011010101
110011010110101
110011010110111
110011011010101
110100100101011
110100100111001
110100101001011

16
qmax = 6
1000101010101101
1000101010110011
1000110100101011
1000110101010011
1000111000110101
1000111001001101
1001000110010101
1001000110101101
1001000111010101
1001001001110011
1001001100101011
1001001100110101
1001010010110011
1001010011001011
1001010101110011
1001010110001101
1001011100101011
1001100011010101
1001100101010111
1001100101011001
1001100110011011
1001100110100101
1001100110100111
1001100110101001
1001100111001001
1001100111010101
1001101000101011
1001101001000111
1001101010011101
1001101010100011
1001101011001101
1001101100110011

17
qmax = 6
10000011010110011
10000011100101011
10000100011010101
10000100101001101
10000110011010111
10000110011100101
10000110100100101
10000110100100111
10000110100111001
10000110101001001
10001010010111001
10001010011001001
10001010011011101
10001010011101001
10001010100011001
10001010100011101
10001010101011001
10001010101100011
10001010101100111
10001010110010111
10001010110011001
10001010110011011
10001010110101101
10001010110110011
10001011001001101
10001011001010011
10001011001100101
10001011010010101
10001011010100111
10001011010101011
10001011010101101
10001011010110011

18
qmax = 7
101010101010110011
101010101011011101
101010101011100011
101010101011100111
101010101100010111
101010101100011101
101010101100100011
101010101100101101
101010101100110111
101010101101000111
101010110101110011
101010110110001101
101010110110110011
101010111001001101
101010111001011011
101011000110011011
101011000110110011
101011001001001101
101011001001110011
101011001010001101
101011001011001011
101011001011011001
101011001100101001
101011010100110101
101011010110010111
101011011010110011
101011100101001101
101100011010110011
101100100101001101
101100101001100111
101100101010101101
101100101100101011

19
qmax = 7
1000101010101100011
1000101010101100111
1000101010110011001
1000101011001100101
1000101011010110011
1000101100101001101
1000101101100101011
1000101110010101011
1000110001010101011
1000110001101010101
1000110011010110101
1000110011011010101
1000110100100101011
1000110100101011001
1000110100110010101
1000110101010010011
1000110101010010111
1000110101010011001
1000111010101010011
1001001001100110101
1001001011100101011
1001001100011010101
1001001100101011001
1001001100110011011
1001001100110100111
1001001101011001101
1001001101100110011
1001001110101001101
1001010010110001101
1001010010110010111
1001010010110011001
1001010011001010111

20
qmax = 7
10000101011001011011
10000101011001100101
10000101101100101011
10000110010011010101
10001001101010011101
10001001101010100011
10001001110101001101
10001010001010110011
10001010101010101101
10001010101010110011
10001010101011000011
10001010101011000111
10001010101011001011
10001010101011001111
10001010101011010011
10001010101011100011
10001010101100011001
10001010101100011101
10001010101100101101
10001010101100110101
10001010101100111001
10001010101101001101
10001010101101100011
10001010110001001101
10001010110001101101
10001010110010110011
10001010110010110101
10001010110010110111
10001010110011000111
10001010110011001011
10001010110011010111
10001010110011011011

21
qmax = 8
101010101010110010111
101010101010110011001
101010101011001011101
101010101011001100011
101010101011001110011
101010101011010001101
101010101100101100111
101010101100101101001
101010101100101101101
101010101100101110101
101010101100110001011
101010101100110010011
101010101101001110011
101010101101010001101
101010110101100101101
101010110101100110101
101010110101101001101
101010110110010110011
101010111001001001101
101010111001011011001
101010111001011011011
101010111001011100101
101010111001100011011
101011000110011011011
101011000110100011011
101011000110100100101
101011001000110110011
101011001001101001101
101011001010010110011
101011001010011001011
101011001010011010011
101011001011001010111

22
qmax = 8
1000101010101010110011
1000101010101100011101
1000101010101100101101
1000101011001011001011
1000101011001100101001
1000101011010100110101
1000101011011010110011
1000101100100101001101
1000101100101010101101
1000101100101100101011
1000101100101101101011
1000101100110010010101
1000101101010101001101
1000101101101010110011
1000101101101100101011
1000101110010100110101
1000110010011100101011
1000110010100101001101
1000110010101100011011
1000110011011011010101
1000110011100101001011
1000110100100101011001
1000110100101010110011
1000110100110001101011
1000110101001010110011
1000110101001010110101
1000110101001101101101
1000110101010010110011
1000110101010100011101
1000110101010100101101
1000110101010101010011
1000110101100010110011

23
qmax = 9
10101101010011001101011
10101101010011010010101
10110101100101100101011
11001010011010011010101
11001101011010011010101
11001101100101011010101
11001101100101100101011
11010010011010011010101
11010010011010100101011
11010010100101100101011

24
qmax = 9
100110100110101001110011
100110100110101010001101
100110101001010101110011
100110101001010110001101
101001011001010101110011
101001011001010110001101
101001101001101010011101
101001101001101010100011
101001110101001010110011
101010001010110101001101
101010101010111001011101
101010101010111010001101
101010101011000110001101
101010101011000110011101
101010101011001011101001
101010101011001100011001
101010101011001100110101
101010101011001110011001
101010101011010001101001
101010101011010011001101
101010101011011001110011
101010101011011010001101
101010101011100101101101
101010101011100110001011
101010101011100110010011
101010101011101001110011
101010101011101010001101
101010101100010101110011
101010101100010110001101
101010101100011001101101
101010101100011010001011
101010101100011010010011

25
qmax = 9
1000101010101010110011001
1000101010101011001011101
1000101010101011001100011
1000101010101011001110011
1000101010101011010001101
1000101010101100101100111
1000101010101100101101001
1000101010101100101101101
1000101010101100110001011
1000101010101101001110011
1000101010101101010001101
1000101010110101100101101
1000101010110101100110101
1000101010110101101001101
1000101010110110010110011
1000101011001001101001101
1000101011001010010110011
1000101011001010011001011
1000101011001010011010011
1000101011001011001011011
1000101011001011001100101
1000101011001011001101011
1000101011001101010010101
1000101011010011001101011
1000101011010100110010101
1000101011010100110011011
1000101011010100110100101
1000101011010100110101001
1000101011010100111001011
1000101011010101001001101
1000101011010101010011101
1000101011010110010110011

26
qmax = 10
10101011100101100101001101
10101101010011001101011001
10101101010011010010101001
10110010101010110101001101
10110010101011010110001101
10110010101011100110010101
10110010101100011010010101
10110010101100101001110011
10110010101100101010001101
11001101010111010011010101
11001101011000101100101011
11001101011010011010101001
11001101011010100011010101
11001101100101011010100111
11010010011010100101010111
11010010100101100101011001
11010010100111010011010101
11010010101000101100101011
11010100110110010110101101
11010100111010011010010101
11010110001010110101001101
11010110010110010101011101
11010110100110101010001101
11011001011001010101110011
11100101101011010011010101
11100101101100101011010101
11100101101100101100101011
11100110010011010100101011
11100110010100101100101011
11101010010101100101101011

27
qmax = 10
100010101101010011001101011
100011001101011010011010101
100011001101100101011010101
100011001101100101100101011
100011010010011010100101011
100011010010100101100101011
100100110100110101001110011
100101001011001010110001101
100101001101001101010011101
100101010001010110101001101
100101011001100101100101011
100110100101001100011010101
100110100110101001110010111
100110100110101010001100111
100110101001010101110011001
100110101001010110001101001
101001011001010101110011001
101001011001010110001101001
101001100111010101000110101
101001101001001010110001101
101001110010111010011010101
101010001100111010011010101
101010001101001100101001101
101010101010110010101110011
101010101010110010110001101
101010101010110010111010011
101010101010110010111010101
101010101010110011000101011
101010101010110011000101101
101010101010110011001101101
101010101010110011001110101
101010101010110011010001011

28
qmax = 10
1000101010101010111001011101
1000101010101011000110001101
1000101010101011001100011001
1000101010101011001100110101
1000101010101011010001101001
1000101010101011010011001101
1000101010101011011001110011
1000101010101100010101110011
1000101010101100010110001101
1000101010101100101011010011
1000101010101100101011010101
1000101010101100101101100111
1000101010101100110001010111
1000101010101100110001110101
1000101010101100110010010011
1000101010101100110101001011
1000101010101101001110001101
1000101010101101001110011001
1000101010101101010001100111
1000101010101101010001110011
1000101010101101010010101101
1000101010101101010011001011
1000101010110010101100101011
1000101010110010101101001101
1000101010110010101110001101
1000101010110010110010101101
1000101010110010110011001011
1000101010110010110011010101
1000101010110100110101001101
1000101010110101001100101011
1000101010110101011010110011
1000101010110101101001100111

$Id: pattworst 1.1 2000/11/22 02:26:54 vlefevre Exp lefevre $
