Constants leading to the maximum q when the number of digits is fixed
(results of script patterns in mode w, algorithm g). Up to 32 constants
are given.

2
qmax = 1
11

3
qmax = 1
101
111

4
qmax = 2
1011
1101

5
qmax = 2
10011
10101
10111
11001
11011
11101

6
qmax = 3
101011
110101

7
qmax = 3
1001101
1010011
1010111
1011001
1011011
1100101
1100111
1101001
1101011
1101101
1110011
1110101

8
qmax = 4
11010101

9
qmax = 4
101001101
101010111
101011001
101101011
110010101
110011011
110100101
110100111
110101001
110101101
110110011
111001011
111010101

10
qmax = 4
1000101011
1000110101
1001001101
1001010011
1001100111
1001101001
1001110011
1010001101
1010010111
1010011001
1010011101
1010100011
1010101011
1010101101
1010101111
1010110011
1010110111
1010111001
1011000111
1011001001
1011010101
1011011001
1011011011
1011100101
1011101011
1100010101
1100011011
1100100101
1100101001
1100101011
1100110101
1100110111

11
qmax = 5
11010100111
11010101001
11010110011
11100101011

12
qmax = 5
100011010101
100101001101
101001100111
101001101001
101010101101
101010110011
101010110111
101010111001
101011000111
101011001001
101101101011
101110010101
110001101011
110010010101
110011010111
110011011011
110011100101
110100011011
110100100101
110100100111
110100101011
110100110111
110100111001
110101000111
110101001001
110101010011
110101110011
110110101101
110110110011
110111001011
110111010101
111000101011

13
qmax = 5
1000110010101
1000110101101
1000110110011
1000111001011
1000111010101
1001000101011
1001000110101
1001001001101
1001001010011
1001001110011
1001100101011
1001100110101
1001100110111
1001100111001
1001101000111
1001101001001
1001101110011
1001110001101
1010001110011
1010010001101
1010010110011
1010010110111
1010010111001
1010011000111
1010011001001
1010011001011
1010011011101
1010011100011
1010011101001
1010100011001
1010100011101
1010100100011

14
qmax = 6
11010100110111
11010101000111
11011010110011
11100011010101

15
qmax = 6
100011010110011
100100011010101
101001100111001
101001101001001
101010101100111
101010101101001
101010110010111
101010110011001
101010111000111
101011001001001
101011010110011
101100101001101
101100101101011
101100110010101
101101010101101
101101011001011
110001101010101
110010100110101
110010101010011
110010101100101
110011010011011
110011010100101
110011010110101
110011010110111
110011011010101
110100100101011
110100100111001
110100101001011
110100101010111
110100101011001
110100101101011
110100110010101

16
qmax = 6
1000101010101101
1000101010110011
1000110100101011
1000110101010011
1000111000110101
1000111001001101
1001000110010101
1001000110101101
1001000111010101
1001001001110011
1001001100101011
1001001100110101
1001010010110011
1001010011001011
1001010101110011
1001010110001101
1001011100101011
1001100011010101
1001100101010111
1001100101011001
1001100110100111
1001100110101001
1001100111001001
1001101001000111
1001101011001101
1001110010101101
1001110011001011
1001110011010101
1010001100101011
1010001100110101
1010001101010011
1010010101110011

17
qmax = 6
10000011010110011
10000011100101011
10000100011010101
10000100101001101
10000110011010111
10000110011100101
10000110100100101
10000110100100111
10000110100111001
10000110101001001
10001010010111001
10001010011001001
10001010011011101
10001010011101001
10001010100011001
10001010100011101
10001010101010111
10001010101011001
10001010101100011
10001010101100111
10001010110010111
10001010110011011
10001010110101101
10001010110110011
10001011001001101
10001011001010011
10001011001100101
10001011010100111
10001011010101101
10001011010110011
10001011011001011
10001011011010101

18
qmax = 7
101010101100110111
101010101101000111
101011010110010111
101011011010110011
101011100101001101
101100011010110011
101100100101001101
101100101001100111
101100101101010111
101100101101011001
101100101110010101
101100110010010101
101100110010100111
101100110010101001
101101010101100111
101101101010101101
101101101010110011
101101101100101011
101110001101010101
101110010101001101
101110010101010011
110001101010101101
110001101010110011
110001101100101011
110010001101010101
110010010101001101
110010010101010011
110010100110101001
110010100111001011
110010101010010111
110010101100011011
110011010011010111

19
qmax = 7
1000101010101100111
1000101010110010111
1000101010110011001
1000101011010110011
1000101100101001101
1000101101010110011
1000101101011001011
1000110001101010101
1000110010100110101
1000110010101010011
1000110011010110101
1000110011011010101
1000110100100101011
1000110100101010111
1000110100101011001
1000110100110010101
1000110101001011011
1000110101010010011
1000110101010011001
1000111010101010011
1001001001100110101
1001001011100101011
1001001100011010101
1001001100110100111
1001001110010101101
1001001110011001011
1001001110011010101
1001010010110001101
1001010010110011001
1001010011001011001
1001010011010001011
1001010011010100011

20
qmax = 7
10000110100101101011
10000110101001101101
10001010010101110011
10001010010110001101
10001010011001110101
10001010101010101101
10001010101010110011
10001010101010111001
10001010101011000111
10001010101011001011
10001010101011001111
10001010101011010011
10001010101011100011
10001010101100010111
10001010101100011001
10001010101100011101
10001010101100111001
10001010101110001101
10001010101110010011
10001010101110110011
10001010110001110011
10001010110010110101
10001010110010110111
10001010110011010111
10001010110011011011
10001010110011100101
10001010110100100101
10001010110100110101
10001010111001001101
10001011000101001101
10001011000110110011
10001011001011011011

21
qmax = 8
101011001011011011001
101011011010110010111
101011100011010110011
101011100101001101001
101100100100101001101
101100100101001100111
101100101001100110111
101100101101010111001
101100101101011001001
101100101101101011001
101100101110010100111
101100110010010101001
101100110010100110111
101100110010101000111
101101100100011010101
101101101010101100111
101110010101001100111
110001101010101010011
110001101010101101001
110001101100101010111
110010010100111001011
110010100110101000111
110010101011011011001
110010101100011010111
110011010011010110111
110011010011100101001
110011010100100100111
110011010100100111001
110011011010101001001
110011011010110100111
110011011011010101001
110011100100101010111

22
qmax = 8
1000101011001011011011
1000101011010100110101
1000101011011010110011
1000101101100011010101
1000101101101010110011
1000101101101100101011
1000101110010100110101
1000110010011100101011
1000110010100111001011
1000110011010011100101
1000110011100101001011
1000110100110001101011
1000110101001011011001
1000110101001011100101
1000110101001100100101
1000110101001101101101
1000110101010010010011
1000110101011101001101
1000110101100010110011
1000110101100101100011
1000110101100110001011
1000110101101010001101
1000110110011100101011
1000110110100011010101
1000111001010110010011
1000111001110010101011
1000111010001101010101
1001000101011010110011
1001000101100101001101
1001000110011010110101
1001000110011011010101
1001000110100100101011

23
qmax = 8
10000110100110010101001
10000110101001101100011
10000110101001101100111
10000110101001101101001
10000110101010010100011
10000111010010100110101
10001000101100101001101
10001000110010100110101
10001010010101101110011
10001010010101110010111
10001010010101110011001
10001010010110001100111
10001010010110001101001
10001010010110001110011
10001010010110101110011
10001010011001110011011
10001010011001110101001
10001010101010101100111
10001010101010110011001
10001010101010110011101
10001010101011000101101
10001010101011001010111
10001010101011001011001
10001010101011001011101
10001010101011001110011
10001010101011001110101
10001010101011001111001
10001010101011010011001
10001010101011010110011
10001010101100011100111
10001010101100101001101
10001010101101000110101

24
qmax = 9
101100111001010101001101
101101001001010101001101
101110010101010101101001
110001101010101010010111
110001101010101010011001
110010100011100011010101
110100100100100101011001
110100100101000111010101
110100101101110010010101
110100110010101000110111
110100111010001110010101
110101000111001001010011
110101001101101001000111
110101001110001100101001
110101010010011000110111
110101100010110010110111
110101100101110001010111
110101100110011010100101
110101101101011001100111
110101101110010101100111
110110110100100011010101
110110111010011010110011
111000101011001011011001
111000101011100101001101
111000101101011100101011
111000110010100011010101
111001001001100011010101
111001010001101001010011
111001010010101110010111
111001010101010110100011
111001011011011010110101
111010001101010111001011

25
qmax = 9
1000110010010100111001011
1000110101010101001100011
1001000101101100011010101
1001000110100100101011001
1001000110100110010100111
1001000110110100011010101
1001001010010110001100111
1001001110001101010010111
1001001110010100110010111
1001001110011100101001101
1001010011001101110100111
1001010111000110011010101
1001011001000110011010101
1001011011100011100101011
1001100011011011100101011
1001100110101100010110111
1001101001010100011000111
1001101011001100110100111
1001110001101001001010011
1001110100100011010110011
1010010001100111001010011
1010010101110011000111001
1010010110001101001001001
1010010111001100011011011
1010011000110100100011011
1010011000110110010001101
1010011001101011101001001
1010011001101100010110111
1010011001110001011001001
1010011001110010010011101
1010011010001011001001001
1010011010010100011000111

$Id: pattworst2 1.1 2000/12/04 17:00:39 lefevre Exp lefevre $
